92 3 0 5 0 0 0 
90 5 0 5 0 0 0 
75 18 2 2 2 1 0 
65 24 5 2 3 1 0 
63 24 6 2 3 2 0 
56 27 8 4 2 3 0 
51 29 9 5 1 5 0 
38 35 11 7 1 8 0 
38 33 9 8 2 10 0 
30 36 7 10 5 12 0 
26 35 8 10 9 12 0 
24 32 5 13 8 18 0 
21 30 4 12 9 24 0 
18 29 2 13 8 30 0 
16 23 2 18 5 36 0 
15 20 1 17 6 41 0 
14 20 1 12 9 43 1 
14 13 0 15 5 52 1 
14 11 0 12 7 55 1 
14 7 0 9 11 58 1 
14 6 0 8 8 63 1 
14 3 0 7 9 66 1 
13 4 0 6 8 68 1 
13 2 0 3 9 72 1 
13 1 0 4 6 75 1 
13 1 0 2 3 80 1 
13 1 0 2 3 80 1 
13 1 0 0 3 82 1 
13 0 0 1 3 82 1 
13 0 0 1 2 82 2 
